// REQUIRES: system-linux
// RUN: clang -o %t %S/pca-seq.c -O3 -mno-sse
// RUN: llvm-mctoll -d --include-files=%S/../getopt.h,/usr/include/stdio.h,/usr/include/stdlib.h,/usr/include/unistd.h %t
// RUN: clang -O3 -mno-sse -o %t-dis %t-dis.ll
// RUN: %t-dis 20 1 2>&1 | FileCheck %s

// CHECK: Number of rows = 10
// CHECK: Number of cols = 10
// CHECK: Max value for each element = 100
// CHECK:    83    86    77    15    93    35    86    92    49    21
// CHECK:    62    27    90    59    63    26    40    26    72    36
// CHECK:    11    68    67    29    82    30    62    23    67    35
// CHECK:    29     2    22    58    69    67    93    56    11    42
// CHECK:    29    73    21    19    84    37    98    24    15    70
// CHECK:    13    26    91    80    56    73    62    70    96    81
// CHECK:     5    25    84    27    36     5    46    29    13    57
// CHECK:    24    95    82    45    14    67    34    64    43    50
// CHECK:    87     8    76    78    88    84     3    51    54    99
// CHECK:    32    60    76    68    39    12    26    86    94    39
// CHECK:   938    28   256   -13   288  -423    66   -24  -474    46
// CHECK:    28   495   180  -185  -263   167   192  -146   246   224
// CHECK:   256   180   591   -82   338   124   239    38  -303   121
// CHECK:   -13  -185   -82   829   365    98    21  -353    14  -424
// CHECK:   288  -263   338   365   956  -275   164  -163  -397  -481
// CHECK:  -423   167   124    98  -275   725   273    80   202   303
// CHECK:    66   192   239    21   164   273   604   148    16   120
// CHECK:   -24  -146    38  -353  -163    80   148   645  -270   214
// CHECK:  -474   246  -303    14  -397   202    16  -270  1132  -135
// CHECK:    46   224   121  -424  -481   303   120   214  -135   757
